 Introducir orden de la matriz:
           6
 Introducir la matriz A:
   5.0000000000000000       0.29999999999999999       0.40000000000000002       0.50000000000000000       0.59999999999999998       0.69999999999999996     
  0.29999999999999999        5.0000000000000000       0.50000000000000000       0.59999999999999998       0.69999999999999996       0.80000000000000004     
  0.40000000000000002       0.50000000000000000        5.0000000000000000       0.69999999999999996       0.80000000000000004       0.90000000000000002     
  0.50000000000000000       0.59999999999999998       0.69999999999999996        5.0000000000000000       0.90000000000000002        1.0000000000000000     
  0.59999999999999998       0.69999999999999996       0.80000000000000004       0.90000000000000002        5.0000000000000000        1.1000000000000001     
  0.69999999999999996       0.80000000000000004       0.90000000000000002        1.0000000000000000        1.1000000000000001        5.0000000000000000     
 Introducir el vector b:
   2.0000000000000000        2.0000000000000000        2.0000000000000000        2.0000000000000000        2.0000000000000000        2.0000000000000000     
 Fijar iteraciones máximas:
         100
 Fijar épsilon de parada:
  9.99999999999999955E-007
 Iterante:           1  0.40000000000000002       0.40000000000000002       0.40000000000000002       0.40000000000000002       0.40000000000000002       0.40000000000000002     
 Iterante:           2  0.19999999999999998       0.16799999999999998       0.13599999999999998       0.10399999999999998       7.19999999999999807E-002  3.99999999999999731E-002
 Iterante:           3  0.35439999999999999       0.34544000000000002       0.33391999999999999       0.31984000000000001       0.30320000000000003       0.28400000000000003     
 Iterante:           4  0.24443199999999998       0.21907520000000000       0.19269439999999999       0.16498240000000000       0.13563199999999997       0.10433599999999998     
 Iterante:           5  0.32405881600000003       0.31058451200000003       0.29495878400000003       0.27700960000000002       0.25651577600000003       0.23320697600000001     
 Iterante:           6  0.26663639680000001       0.24459411583999999       0.22121571967999998       0.19621551231999998       0.16927044223999999       0.14001027199999996     
 Iterante:           7  0.30809165309440001       0.29223487731200004       0.27445438522880000       0.25454413166080003       0.23224488896000001       0.20723441661440001     
 Iterante:           8  0.27817293837567997       0.25785197537945598       0.23603162436454397       0.21244807214540801       0.18679390181427200       0.15870509695231999     
 Iterante:           9  0.29976756252249087       0.28266873083718658       0.26376429554994174       0.24283211998882817       0.21959913662778369       0.19372950735285249     
 Iterante:          10  0.28418149308215723       0.26475706199065085       0.24374805193208729       0.22090224860672511       0.19592170967648767       0.16844973705803387     
 Iterante:          11  0.29543093891601818       0.27768503810506112       0.25819503333073668       0.23673042082903939       0.21301119694033807       0.18669558585204582     
 Iterante:          12  0.28731152731220649       0.26835412852450585       0.24776776519632457       0.22530626424981770       0.20067667202577422       0.17352640896273280     
 Iterante:          13  0.29317180674996640       0.27508882061401141       0.25529376683018262       0.23355178196116730       0.20957925876092406       0.18303140718139785     
 Iterante:          14  0.28894208316392139       0.27022797970109064       0.24986178922963867       0.22760048548185052       0.20315371527829557       0.17617106440769326     
 Iterante:          15  0.29199493468090587       0.27373634738518648       0.25378238137140607       0.23189590199569571       0.20779142502900894       0.18112259508594641     
 Iterante:          16  0.28979150413209320       0.27120414282470889       0.25095264908749970       0.22879563593127930       0.20444410490680678       0.17754877101066913     
 Iterante:          17  0.29138185538007905       0.27303179048291093       0.25299504078957302       0.23103328849021662       0.20686007156471214       0.18012821946805022     
 Iterante:          18  0.29023400114554537       0.27171266484546425       0.25152092117806929       0.22941823711824433       0.20511631994924126       0.17826647298512005     
 Iterante:          19  0.29106247809137642       0.27266475888875807       0.25258488389805550       0.23058391895117261       0.20637489265766809       0.17961020983981496     
 Iterante:          20  0.29046451536321855       0.27197757410412721       0.25181695661425635       0.22974257473214038       0.20546650338494946       0.17864035236843451     
 Iterante:          21  0.29089610181362308       0.27247355759608194       0.25237121693011999       0.23034982456220920       0.20612214375071408       0.17934035811080595     
 Iterante:          22  0.29058459934800607       0.27211557582787660       0.25197117319653334       0.22991153503960135       0.20564892780451960       0.17883512094569912     
 Iterante:          23  0.29080942982170438       0.27237395327076952       0.25225990934487869       0.23022787552438617       0.20599047683570917       0.17919978165852832     
 Iterante:          24  0.29064715585124584       0.27218746639091973       0.25205151072152404       0.22999955315492090       0.20574395990904140       0.17893658361082684     
 Iterante:          25  0.29076427894873008       0.27232206543318427       0.25220192481572395       0.23016434744115885       0.20592188632541022       0.17912654981743081     
 Iterante:          26  0.29067974401114560       0.27222491703221841       0.25209336171981772       0.23004540527688352       0.20579346589574737       0.17898943953121596     
 Iterante:          27  0.29074075807093319       0.27229503500372426       0.25217171837818436       0.23013125314676702       0.20588615481227457       0.17908840045127636     
 Iterante:          28  0.29069672047419348       0.27224442655439085       0.25211516356221186       0.23006929146304927       0.20581925552475824       0.17901697427334648     
 Iterante:          29  0.29072850511421516       0.27228095378255968       0.25215598264863487       0.23011401301821832       0.20586754085204306       0.17906852693565556     
 Iterante:          30  0.29070556418609683       0.27225458983710649       0.25212652100531135       0.23008173472336357       0.20583269036383073       0.17903131821095292     
 Iterante:          31  0.29072212206381925       0.27227361831681068       0.25214778528394627       0.23010503195251383       0.20585784410300856       0.17905817403433788     
 Iterante:          32  0.29071017122585596       0.27225988429355930       0.25213243754719927       0.23008821691043921       0.20583968910354997       0.17903879053610061     
 Iterante:          33  0.29071879688008651       0.27226979698220294       0.25214351495204801       0.23010035335972029       0.20585279268242590       0.17905278079804596     
 Iterante:          34  0.29071257121531441       0.27226264238559661       0.25213551970817555       0.23009159373839441       0.20584333502423377       0.17904268316618902     
 Iterante:          35  0.29071706466019620       0.27226780629767328       0.25214129036704852       0.23009791609545252       0.20585016119739807       0.17904997124767860     
 Iterante:          36  0.29071382146486768       0.27226407918496476       0.25213712532788779       0.23009335286180543       0.20584523432870369       0.17904471099135799     
 Iterante:          37  0.29071616227825597       0.27226676927126670       0.25214013149262432       0.23009664642797492       0.20584879035263504       0.17904850764162847     
 Iterante:          38  0.29071447276937235       0.27226482767065574       0.25213796175878161       0.23009426925885498       0.20584622375161829       0.17904576736579442     
 Iterante:          39  0.29071569219176724       0.27226622904314324       0.25213952778904303       0.23009598500790449       0.20584807622530979       0.17904774519127523     
 Iterante:          40  0.29071481205968180       0.27226521758649375       0.25213839748875855       0.23009474664636925       0.20584673918119764       0.17904631767307286     
 Iterante:          41  0.29071544730509885       0.27226594761691958       0.25213921329593963       0.23009564044799624       0.20584770420810519       0.17904734800069166     
 Iterante:          42  0.29071498880944058       0.27226542070909515       0.25213862447775931       0.23009499533643096       0.20584700768887756       0.17904660434992750     
 Iterante:          43  0.29071531973393527       0.27226580101085468       0.25213904946402754       0.23009546095309477       0.20584751040961069       0.17904714108838715     
 Iterante:          44  0.29071508088538955       0.27226552652370234       0.25213874272531905       0.23009512488893269       0.20584714756516148       0.17904675369125406     
 Iterante:          45  0.29071525327706410       0.27226572463794957       0.25213896411749648       0.23009536744709222       0.20584740945230010       0.17904703329957358     
 Iterante:          46  0.29071512885139777       0.27226558164672165       0.25213880432515573       0.23009519237796142       0.20584722043225714       0.17904683148906525     
 Se satisface el test de parada en la iteración          46
 El error entre iterantes en norma 1 en la parada es:  9.93108917074492226E-007
 La solución aproximada es
  0.29071512885139777       0.27226558164672165       0.25213880432515573       0.23009519237796142       0.20584722043225714       0.17904683148906525     
 Residuo:
 -4.49028251470195983E-007 -5.16027785391059979E-007 -5.76659763940057246E-007 -6.31790755489802791E-007 -6.82136908736197256E-007 -7.28295233676234943E-007
 Norma del residuo:
  1.48166521105122077E-006
